{
 "metadata": {
  "name": "numpy-basics"
 },
 "nbformat": 3,
 "nbformat_minor": 0,
 "worksheets": [
  {
   "cells": [
    {
     "cell_type": "heading",
     "level": 1,
     "metadata": {},
     "source": [
      "Array Creation and Properties"
     ]
    },
    {
     "cell_type": "raw",
     "metadata": {},
     "source": [
      "this notebook is based on the SciPy NumPy tutorial"
     ]
    },
    {
     "cell_type": "code",
     "collapsed": false,
     "input": [
      "import numpy as np"
     ],
     "language": "python",
     "metadata": {},
     "outputs": [],
     "prompt_number": 1
    },
    {
     "cell_type": "code",
     "collapsed": false,
     "input": [
      "a = np.arange(15).reshape(3,5)\n",
      "\n",
      "print a"
     ],
     "language": "python",
     "metadata": {},
     "outputs": [
      {
       "output_type": "stream",
       "stream": "stdout",
       "text": [
        "[[ 0  1  2  3  4]\n",
        " [ 5  6  7  8  9]\n",
        " [10 11 12 13 14]]\n"
       ]
      }
     ],
     "prompt_number": 2
    },
    {
     "cell_type": "code",
     "collapsed": false,
     "input": [
      "print a.ndim\n",
      "print a.shape\n",
      "print a.size\n",
      "print a.dtype\n",
      "print a.itemsize\n",
      "print type(a)"
     ],
     "language": "python",
     "metadata": {},
     "outputs": [
      {
       "output_type": "stream",
       "stream": "stdout",
       "text": [
        "2\n",
        "(3, 5)\n",
        "15\n",
        "int64\n",
        "8\n",
        "<type 'numpy.ndarray'>\n"
       ]
      }
     ],
     "prompt_number": 3
    },
    {
     "cell_type": "raw",
     "metadata": {},
     "source": [
      "we can create an array from a list"
     ]
    },
    {
     "cell_type": "code",
     "collapsed": false,
     "input": [
      "b = np.array( [1.0, 2.0, 3.0, 4.0] )\n",
      "print b\n",
      "print b.dtype"
     ],
     "language": "python",
     "metadata": {},
     "outputs": [
      {
       "output_type": "stream",
       "stream": "stdout",
       "text": [
        "[ 1.  2.  3.  4.]\n",
        "float64\n"
       ]
      }
     ],
     "prompt_number": 4
    },
    {
     "cell_type": "raw",
     "metadata": {},
     "source": [
      "we can create a multi-dimensional array of a specified size initialized all to 0 easily.  There is also an analogous ones() and empty() array routine."
     ]
    },
    {
     "cell_type": "code",
     "collapsed": false,
     "input": [
      "c = np.zeros( (10,7), dtype=np.float64)\n",
      "print c"
     ],
     "language": "python",
     "metadata": {},
     "outputs": [
      {
       "output_type": "stream",
       "stream": "stdout",
       "text": [
        "[[ 0.  0.  0.  0.  0.  0.  0.]\n",
        " [ 0.  0.  0.  0.  0.  0.  0.]\n",
        " [ 0.  0.  0.  0.  0.  0.  0.]\n",
        " [ 0.  0.  0.  0.  0.  0.  0.]\n",
        " [ 0.  0.  0.  0.  0.  0.  0.]\n",
        " [ 0.  0.  0.  0.  0.  0.  0.]\n",
        " [ 0.  0.  0.  0.  0.  0.  0.]\n",
        " [ 0.  0.  0.  0.  0.  0.  0.]\n",
        " [ 0.  0.  0.  0.  0.  0.  0.]\n",
        " [ 0.  0.  0.  0.  0.  0.  0.]]\n"
       ]
      }
     ],
     "prompt_number": 5
    },
    {
     "cell_type": "raw",
     "metadata": {},
     "source": [
      "linspace (and logspace) create arrays with evenly space (in log) numbers.  For logspace, you specify the start and ending powers (base**start to base**stop)"
     ]
    },
    {
     "cell_type": "code",
     "collapsed": false,
     "input": [
      "d = np.linspace(0, 1, 10, endpoint=False)\n",
      "print d"
     ],
     "language": "python",
     "metadata": {},
     "outputs": [
      {
       "output_type": "stream",
       "stream": "stdout",
       "text": [
        "[ 0.   0.1  0.2  0.3  0.4  0.5  0.6  0.7  0.8  0.9]\n"
       ]
      }
     ],
     "prompt_number": 6
    },
    {
     "cell_type": "code",
     "collapsed": false,
     "input": [
      "e = np.logspace(-1, 2, 15, endpoint=False, base=10)\n",
      "print e"
     ],
     "language": "python",
     "metadata": {},
     "outputs": [
      {
       "output_type": "stream",
       "stream": "stdout",
       "text": [
        "[  0.1          0.15848932   0.25118864   0.39810717   0.63095734   1.\n",
        "   1.58489319   2.51188643   3.98107171   6.30957344  10.          15.84893192\n",
        "  25.11886432  39.81071706  63.09573445]\n"
       ]
      }
     ],
     "prompt_number": 7
    },
    {
     "cell_type": "raw",
     "metadata": {},
     "source": [
      "we can also initialize an array based on a function"
     ]
    },
    {
     "cell_type": "code",
     "collapsed": false,
     "input": [
      "f = np.fromfunction(lambda i, j: i + j, (3, 3), dtype=int)\n",
      "f"
     ],
     "language": "python",
     "metadata": {},
     "outputs": [
      {
       "output_type": "pyout",
       "prompt_number": 8,
       "text": [
        "array([[0, 1, 2],\n",
        "       [1, 2, 3],\n",
        "       [2, 3, 4]])"
       ]
      }
     ],
     "prompt_number": 8
    },
    {
     "cell_type": "code",
     "collapsed": false,
     "input": [
      "def myFun(x,y): \n",
      "    return 10*x+y\n",
      "\n",
      "g = np.fromfunction(myFun, (5,4), dtype=int)\n",
      "g"
     ],
     "language": "python",
     "metadata": {},
     "outputs": [
      {
       "output_type": "pyout",
       "prompt_number": 9,
       "text": [
        "array([[ 0,  1,  2,  3],\n",
        "       [10, 11, 12, 13],\n",
        "       [20, 21, 22, 23],\n",
        "       [30, 31, 32, 33],\n",
        "       [40, 41, 42, 43]])"
       ]
      }
     ],
     "prompt_number": 9
    },
    {
     "cell_type": "heading",
     "level": 1,
     "metadata": {},
     "source": [
      "Array Operations"
     ]
    },
    {
     "cell_type": "raw",
     "metadata": {},
     "source": [
      "most operations will work on an entire array at once"
     ]
    },
    {
     "cell_type": "code",
     "collapsed": false,
     "input": [
      "a = np.arange(12).reshape(3,4)\n",
      "print a"
     ],
     "language": "python",
     "metadata": {},
     "outputs": [
      {
       "output_type": "stream",
       "stream": "stdout",
       "text": [
        "[[ 0  1  2  3]\n",
        " [ 4  5  6  7]\n",
        " [ 8  9 10 11]]\n"
       ]
      }
     ],
     "prompt_number": 10
    },
    {
     "cell_type": "code",
     "collapsed": false,
     "input": [
      "print a.sum(axis=0)"
     ],
     "language": "python",
     "metadata": {},
     "outputs": [
      {
       "output_type": "stream",
       "stream": "stdout",
       "text": [
        "[12 15 18 21]\n"
       ]
      }
     ],
     "prompt_number": 11
    },
    {
     "cell_type": "code",
     "collapsed": false,
     "input": [
      "print a.sum()"
     ],
     "language": "python",
     "metadata": {},
     "outputs": [
      {
       "output_type": "stream",
       "stream": "stdout",
       "text": [
        "66\n"
       ]
      }
     ],
     "prompt_number": 12
    },
    {
     "cell_type": "code",
     "collapsed": false,
     "input": [
      "print a.min(), a.max()"
     ],
     "language": "python",
     "metadata": {},
     "outputs": [
      {
       "output_type": "stream",
       "stream": "stdout",
       "text": [
        "0 11\n"
       ]
      }
     ],
     "prompt_number": 13
    },
    {
     "cell_type": "heading",
     "level": 3,
     "metadata": {},
     "source": [
      "universal functions"
     ]
    },
    {
     "cell_type": "code",
     "collapsed": false,
     "input": [
      "b = a*np.pi/12.0\n",
      "print b"
     ],
     "language": "python",
     "metadata": {},
     "outputs": [
      {
       "output_type": "stream",
       "stream": "stdout",
       "text": [
        "[[ 0.          0.26179939  0.52359878  0.78539816]\n",
        " [ 1.04719755  1.30899694  1.57079633  1.83259571]\n",
        " [ 2.0943951   2.35619449  2.61799388  2.87979327]]\n"
       ]
      }
     ],
     "prompt_number": 14
    },
    {
     "cell_type": "code",
     "collapsed": false,
     "input": [
      "c = np.cos(b)\n",
      "print c"
     ],
     "language": "python",
     "metadata": {},
     "outputs": [
      {
       "output_type": "stream",
       "stream": "stdout",
       "text": [
        "[[  1.00000000e+00   9.65925826e-01   8.66025404e-01   7.07106781e-01]\n",
        " [  5.00000000e-01   2.58819045e-01   6.12323400e-17  -2.58819045e-01]\n",
        " [ -5.00000000e-01  -7.07106781e-01  -8.66025404e-01  -9.65925826e-01]]\n"
       ]
      }
     ],
     "prompt_number": 15
    },
    {
     "cell_type": "code",
     "collapsed": false,
     "input": [
      "d = b + c "
     ],
     "language": "python",
     "metadata": {},
     "outputs": [],
     "prompt_number": 16
    },
    {
     "cell_type": "code",
     "collapsed": false,
     "input": [
      "print d"
     ],
     "language": "python",
     "metadata": {},
     "outputs": [
      {
       "output_type": "stream",
       "stream": "stdout",
       "text": [
        "[[ 1.          1.22772521  1.38962418  1.49250494]\n",
        " [ 1.54719755  1.56781598  1.57079633  1.57377667]\n",
        " [ 1.5943951   1.64908771  1.75196847  1.91386744]]\n"
       ]
      }
     ],
     "prompt_number": 17
    },
    {
     "cell_type": "heading",
     "level": 1,
     "metadata": {},
     "source": [
      "Slicing"
     ]
    },
    {
     "cell_type": "raw",
     "metadata": {},
     "source": [
      "slicing works very similarly to how we saw with strings"
     ]
    },
    {
     "cell_type": "code",
     "collapsed": false,
     "input": [
      "a = np.fromfunction(myFun, (5,4),dtype=int)\n",
      "print a\n",
      "print \" \"\n",
      "\n",
      "print a[1,1]\n",
      "print \" \"\n",
      "\n",
      "print a[0:2,0:2]\n",
      "print \" \"\n",
      "\n",
      "print a[:,1]\n",
      "print \" \"\n",
      "\n",
      "print a.flatten()"
     ],
     "language": "python",
     "metadata": {},
     "outputs": [
      {
       "output_type": "stream",
       "stream": "stdout",
       "text": [
        "[[ 0  1  2  3]\n",
        " [10 11 12 13]\n",
        " [20 21 22 23]\n",
        " [30 31 32 33]\n",
        " [40 41 42 43]]\n",
        " \n",
        "11\n",
        " \n",
        "[[ 0  1]\n",
        " [10 11]]\n",
        " \n",
        "[ 1 11 21 31 41]\n",
        " \n",
        "[ 0  1  2  3 10 11 12 13 20 21 22 23 30 31 32 33 40 41 42 43]\n"
       ]
      }
     ],
     "prompt_number": 18
    },
    {
     "cell_type": "raw",
     "metadata": {},
     "source": [
      "we can also iterate -- this is done over the first axis"
     ]
    },
    {
     "cell_type": "code",
     "collapsed": false,
     "input": [
      "for row in a:\n",
      "    print row\n"
     ],
     "language": "python",
     "metadata": {},
     "outputs": [
      {
       "output_type": "stream",
       "stream": "stdout",
       "text": [
        "[0 1 2 3]\n",
        "[10 11 12 13]\n",
        "[20 21 22 23]\n",
        "[30 31 32 33]\n",
        "[40 41 42 43]\n"
       ]
      }
     ],
     "prompt_number": 19
    },
    {
     "cell_type": "raw",
     "metadata": {},
     "source": [
      "or element by element"
     ]
    },
    {
     "cell_type": "code",
     "collapsed": false,
     "input": [
      "for e in a.flat:\n",
      "    print e"
     ],
     "language": "python",
     "metadata": {},
     "outputs": [
      {
       "output_type": "stream",
       "stream": "stdout",
       "text": [
        "0\n",
        "1\n",
        "2\n",
        "3\n",
        "10\n",
        "11\n",
        "12\n",
        "13\n",
        "20\n",
        "21\n",
        "22\n",
        "23\n",
        "30\n",
        "31\n",
        "32\n",
        "33\n",
        "40\n",
        "41\n",
        "42\n",
        "43\n"
       ]
      }
     ],
     "prompt_number": 20
    },
    {
     "cell_type": "heading",
     "level": 1,
     "metadata": {},
     "source": [
      "Copying Arrays"
     ]
    },
    {
     "cell_type": "raw",
     "metadata": {},
     "source": [
      "simply using \"=\" does not make a copy, but much like with lists, you will just have multiple names pointing to the same ndarray object"
     ]
    },
    {
     "cell_type": "code",
     "collapsed": false,
     "input": [
      "a = np.arange(10)\n",
      "print a\n"
     ],
     "language": "python",
     "metadata": {},
     "outputs": [
      {
       "output_type": "stream",
       "stream": "stdout",
       "text": [
        "[0 1 2 3 4 5 6 7 8 9]\n"
       ]
      }
     ],
     "prompt_number": 21
    },
    {
     "cell_type": "code",
     "collapsed": false,
     "input": [
      "b = a\n",
      "b is a"
     ],
     "language": "python",
     "metadata": {},
     "outputs": [
      {
       "output_type": "pyout",
       "prompt_number": 22,
       "text": [
        "True"
       ]
      }
     ],
     "prompt_number": 22
    },
    {
     "cell_type": "code",
     "collapsed": false,
     "input": [
      "b.shape = (2,5)\n",
      "print b\n",
      "a.shape"
     ],
     "language": "python",
     "metadata": {},
     "outputs": [
      {
       "output_type": "stream",
       "stream": "stdout",
       "text": [
        "[[0 1 2 3 4]\n",
        " [5 6 7 8 9]]\n"
       ]
      },
      {
       "output_type": "pyout",
       "prompt_number": 23,
       "text": [
        "(2, 5)"
       ]
      }
     ],
     "prompt_number": 23
    },
    {
     "cell_type": "raw",
     "metadata": {},
     "source": [
      "a shallow copy creates a new view into the array -- the data is the same, but the array properties can be different"
     ]
    },
    {
     "cell_type": "code",
     "collapsed": false,
     "input": [
      "a = np.arange(12)\n",
      "c = a[:]\n",
      "a.shape = (3,4)\n",
      "\n",
      "print a\n",
      "print c"
     ],
     "language": "python",
     "metadata": {},
     "outputs": [
      {
       "output_type": "stream",
       "stream": "stdout",
       "text": [
        "[[ 0  1  2  3]\n",
        " [ 4  5  6  7]\n",
        " [ 8  9 10 11]]\n",
        "[ 0  1  2  3  4  5  6  7  8  9 10 11]\n"
       ]
      }
     ],
     "prompt_number": 24
    },
    {
     "cell_type": "code",
     "collapsed": false,
     "input": [
      "c[1] = -1\n",
      "print a"
     ],
     "language": "python",
     "metadata": {},
     "outputs": [
      {
       "output_type": "stream",
       "stream": "stdout",
       "text": [
        "[[ 0 -1  2  3]\n",
        " [ 4  5  6  7]\n",
        " [ 8  9 10 11]]\n"
       ]
      }
     ],
     "prompt_number": 25
    },
    {
     "cell_type": "code",
     "collapsed": false,
     "input": [
      "print c is a\n",
      "print c.base is a\n",
      "print c.flags.owndata"
     ],
     "language": "python",
     "metadata": {},
     "outputs": [
      {
       "output_type": "stream",
       "stream": "stdout",
       "text": [
        "False\n",
        "True\n",
        "False\n"
       ]
      }
     ],
     "prompt_number": 26
    },
    {
     "cell_type": "raw",
     "metadata": {},
     "source": [
      "to make a copy of the data of the array that you can deal with independently of the original, you need a deep copy"
     ]
    },
    {
     "cell_type": "code",
     "collapsed": false,
     "input": [
      "d = a.copy()\n",
      "d[:,:] = 0.0\n",
      "\n",
      "print a\n",
      "print d\n"
     ],
     "language": "python",
     "metadata": {},
     "outputs": [
      {
       "output_type": "stream",
       "stream": "stdout",
       "text": [
        "[[ 0 -1  2  3]\n",
        " [ 4  5  6  7]\n",
        " [ 8  9 10 11]]\n",
        "[[0 0 0 0]\n",
        " [0 0 0 0]\n",
        " [0 0 0 0]]\n"
       ]
      }
     ],
     "prompt_number": 27
    },
    {
     "cell_type": "heading",
     "level": 1,
     "metadata": {},
     "source": [
      "Boolean Indexing"
     ]
    },
    {
     "cell_type": "code",
     "collapsed": false,
     "input": [
      "a = np.arange(12).reshape(3,4)"
     ],
     "language": "python",
     "metadata": {},
     "outputs": [],
     "prompt_number": 28
    },
    {
     "cell_type": "code",
     "collapsed": false,
     "input": [
      "b = a > 4\n",
      "b"
     ],
     "language": "python",
     "metadata": {},
     "outputs": [
      {
       "output_type": "pyout",
       "prompt_number": 29,
       "text": [
        "array([[False, False, False, False],\n",
        "       [False,  True,  True,  True],\n",
        "       [ True,  True,  True,  True]], dtype=bool)"
       ]
      }
     ],
     "prompt_number": 29
    },
    {
     "cell_type": "code",
     "collapsed": false,
     "input": [
      "a[b] = 0\n",
      "a"
     ],
     "language": "python",
     "metadata": {},
     "outputs": [
      {
       "output_type": "pyout",
       "prompt_number": 30,
       "text": [
        "array([[0, 1, 2, 3],\n",
        "       [4, 0, 0, 0],\n",
        "       [0, 0, 0, 0]])"
       ]
      }
     ],
     "prompt_number": 30
    },
    {
     "cell_type": "code",
     "collapsed": false,
     "input": [
      "a[a == 0] = -1\n",
      "a"
     ],
     "language": "python",
     "metadata": {},
     "outputs": [
      {
       "output_type": "pyout",
       "prompt_number": 31,
       "text": [
        "array([[-1,  1,  2,  3],\n",
        "       [ 4, -1, -1, -1],\n",
        "       [-1, -1, -1, -1]])"
       ]
      }
     ],
     "prompt_number": 31
    },
    {
     "cell_type": "heading",
     "level": 1,
     "metadata": {},
     "source": [
      "Avoiding Loops"
     ]
    },
    {
     "cell_type": "code",
     "collapsed": false,
     "input": [
      "# create 1-d x and y arrays\n",
      "N = 16\n",
      "x = np.linspace(0.0, 1.0, N, endpoint=True)\n",
      "y = x.copy()\n",
      "\n",
      "x2d = np.repeat(x, N)\n",
      "x2d.shape = (N, N)\n",
      "\n",
      "y2d = np.repeat(y, N)\n",
      "y2d.shape = (N, N)\n",
      "y2d = np.transpose(y2d)\n",
      "\n",
      "print x2d\n",
      "print y2d\n"
     ],
     "language": "python",
     "metadata": {},
     "outputs": [
      {
       "output_type": "stream",
       "stream": "stdout",
       "text": [
        "[[ 0.          0.          0.          0.          0.          0.          0.\n",
        "   0.          0.          0.          0.          0.          0.          0.\n",
        "   0.          0.        ]\n",
        " [ 0.06666667  0.06666667  0.06666667  0.06666667  0.06666667  0.06666667\n",
        "   0.06666667  0.06666667  0.06666667  0.06666667  0.06666667  0.06666667\n",
        "   0.06666667  0.06666667  0.06666667  0.06666667]\n",
        " [ 0.13333333  0.13333333  0.13333333  0.13333333  0.13333333  0.13333333\n",
        "   0.13333333  0.13333333  0.13333333  0.13333333  0.13333333  0.13333333\n",
        "   0.13333333  0.13333333  0.13333333  0.13333333]\n",
        " [ 0.2         0.2         0.2         0.2         0.2         0.2         0.2\n",
        "   0.2         0.2         0.2         0.2         0.2         0.2         0.2\n",
        "   0.2         0.2       ]\n",
        " [ 0.26666667  0.26666667  0.26666667  0.26666667  0.26666667  0.26666667\n",
        "   0.26666667  0.26666667  0.26666667  0.26666667  0.26666667  0.26666667\n",
        "   0.26666667  0.26666667  0.26666667  0.26666667]\n",
        " [ 0.33333333  0.33333333  0.33333333  0.33333333  0.33333333  0.33333333\n",
        "   0.33333333  0.33333333  0.33333333  0.33333333  0.33333333  0.33333333\n",
        "   0.33333333  0.33333333  0.33333333  0.33333333]\n",
        " [ 0.4         0.4         0.4         0.4         0.4         0.4         0.4\n",
        "   0.4         0.4         0.4         0.4         0.4         0.4         0.4\n",
        "   0.4         0.4       ]\n",
        " [ 0.46666667  0.46666667  0.46666667  0.46666667  0.46666667  0.46666667\n",
        "   0.46666667  0.46666667  0.46666667  0.46666667  0.46666667  0.46666667\n",
        "   0.46666667  0.46666667  0.46666667  0.46666667]\n",
        " [ 0.53333333  0.53333333  0.53333333  0.53333333  0.53333333  0.53333333\n",
        "   0.53333333  0.53333333  0.53333333  0.53333333  0.53333333  0.53333333\n",
        "   0.53333333  0.53333333  0.53333333  0.53333333]\n",
        " [ 0.6         0.6         0.6         0.6         0.6         0.6         0.6\n",
        "   0.6         0.6         0.6         0.6         0.6         0.6         0.6\n",
        "   0.6         0.6       ]\n",
        " [ 0.66666667  0.66666667  0.66666667  0.66666667  0.66666667  0.66666667\n",
        "   0.66666667  0.66666667  0.66666667  0.66666667  0.66666667  0.66666667\n",
        "   0.66666667  0.66666667  0.66666667  0.66666667]\n",
        " [ 0.73333333  0.73333333  0.73333333  0.73333333  0.73333333  0.73333333\n",
        "   0.73333333  0.73333333  0.73333333  0.73333333  0.73333333  0.73333333\n",
        "   0.73333333  0.73333333  0.73333333  0.73333333]\n",
        " [ 0.8         0.8         0.8         0.8         0.8         0.8         0.8\n",
        "   0.8         0.8         0.8         0.8         0.8         0.8         0.8\n",
        "   0.8         0.8       ]\n",
        " [ 0.86666667  0.86666667  0.86666667  0.86666667  0.86666667  0.86666667\n",
        "   0.86666667  0.86666667  0.86666667  0.86666667  0.86666667  0.86666667\n",
        "   0.86666667  0.86666667  0.86666667  0.86666667]\n",
        " [ 0.93333333  0.93333333  0.93333333  0.93333333  0.93333333  0.93333333\n",
        "   0.93333333  0.93333333  0.93333333  0.93333333  0.93333333  0.93333333\n",
        "   0.93333333  0.93333333  0.93333333  0.93333333]\n",
        " [ 1.          1.          1.          1.          1.          1.          1.\n",
        "   1.          1.          1.          1.          1.          1.          1.\n",
        "   1.          1.        ]]\n",
        "[[ 0.          0.06666667  0.13333333  0.2         0.26666667  0.33333333\n",
        "   0.4         0.46666667  0.53333333  0.6         0.66666667  0.73333333\n",
        "   0.8         0.86666667  0.93333333  1.        ]\n",
        " [ 0.          0.06666667  0.13333333  0.2         0.26666667  0.33333333\n",
        "   0.4         0.46666667  0.53333333  0.6         0.66666667  0.73333333\n",
        "   0.8         0.86666667  0.93333333  1.        ]\n",
        " [ 0.          0.06666667  0.13333333  0.2         0.26666667  0.33333333\n",
        "   0.4         0.46666667  0.53333333  0.6         0.66666667  0.73333333\n",
        "   0.8         0.86666667  0.93333333  1.        ]\n",
        " [ 0.          0.06666667  0.13333333  0.2         0.26666667  0.33333333\n",
        "   0.4         0.46666667  0.53333333  0.6         0.66666667  0.73333333\n",
        "   0.8         0.86666667  0.93333333  1.        ]\n",
        " [ 0.          0.06666667  0.13333333  0.2         0.26666667  0.33333333\n",
        "   0.4         0.46666667  0.53333333  0.6         0.66666667  0.73333333\n",
        "   0.8         0.86666667  0.93333333  1.        ]\n",
        " [ 0.          0.06666667  0.13333333  0.2         0.26666667  0.33333333\n",
        "   0.4         0.46666667  0.53333333  0.6         0.66666667  0.73333333\n",
        "   0.8         0.86666667  0.93333333  1.        ]\n",
        " [ 0.          0.06666667  0.13333333  0.2         0.26666667  0.33333333\n",
        "   0.4         0.46666667  0.53333333  0.6         0.66666667  0.73333333\n",
        "   0.8         0.86666667  0.93333333  1.        ]\n",
        " [ 0.          0.06666667  0.13333333  0.2         0.26666667  0.33333333\n",
        "   0.4         0.46666667  0.53333333  0.6         0.66666667  0.73333333\n",
        "   0.8         0.86666667  0.93333333  1.        ]\n",
        " [ 0.          0.06666667  0.13333333  0.2         0.26666667  0.33333333\n",
        "   0.4         0.46666667  0.53333333  0.6         0.66666667  0.73333333\n",
        "   0.8         0.86666667  0.93333333  1.        ]\n",
        " [ 0.          0.06666667  0.13333333  0.2         0.26666667  0.33333333\n",
        "   0.4         0.46666667  0.53333333  0.6         0.66666667  0.73333333\n",
        "   0.8         0.86666667  0.93333333  1.        ]\n",
        " [ 0.          0.06666667  0.13333333  0.2         0.26666667  0.33333333\n",
        "   0.4         0.46666667  0.53333333  0.6         0.66666667  0.73333333\n",
        "   0.8         0.86666667  0.93333333  1.        ]\n",
        " [ 0.          0.06666667  0.13333333  0.2         0.26666667  0.33333333\n",
        "   0.4         0.46666667  0.53333333  0.6         0.66666667  0.73333333\n",
        "   0.8         0.86666667  0.93333333  1.        ]\n",
        " [ 0.          0.06666667  0.13333333  0.2         0.26666667  0.33333333\n",
        "   0.4         0.46666667  0.53333333  0.6         0.66666667  0.73333333\n",
        "   0.8         0.86666667  0.93333333  1.        ]\n",
        " [ 0.          0.06666667  0.13333333  0.2         0.26666667  0.33333333\n",
        "   0.4         0.46666667  0.53333333  0.6         0.66666667  0.73333333\n",
        "   0.8         0.86666667  0.93333333  1.        ]\n",
        " [ 0.          0.06666667  0.13333333  0.2         0.26666667  0.33333333\n",
        "   0.4         0.46666667  0.53333333  0.6         0.66666667  0.73333333\n",
        "   0.8         0.86666667  0.93333333  1.        ]\n",
        " [ 0.          0.06666667  0.13333333  0.2         0.26666667  0.33333333\n",
        "   0.4         0.46666667  0.53333333  0.6         0.66666667  0.73333333\n",
        "   0.8         0.86666667  0.93333333  1.        ]]\n"
       ]
      }
     ],
     "prompt_number": 40
    },
    {
     "cell_type": "raw",
     "metadata": {},
     "source": [
      "Here we initialize an array with a Gaussian"
     ]
    },
    {
     "cell_type": "code",
     "collapsed": false,
     "input": [
      "g = np.exp(-((x2d-0.5)**2 + (y2d-0.5)**2)/0.2**2)\n",
      "print g\n"
     ],
     "language": "python",
     "metadata": {},
     "outputs": [
      {
       "output_type": "stream",
       "stream": "stdout",
       "text": [
        "[[  3.72665317e-06   1.76558313e-05   6.69803603e-05   2.03468369e-04\n",
        "    4.94921640e-04   9.63975726e-04   1.50343919e-03   1.87756834e-03\n",
        "    1.87756834e-03   1.50343919e-03   9.63975726e-04   4.94921640e-04\n",
        "    2.03468369e-04   6.69803603e-05   1.76558313e-05   3.72665317e-06]\n",
        " [  1.76558313e-05   8.36483472e-05   3.17334049e-04   9.63975726e-04\n",
        "    2.34479909e-03   4.56704501e-03   7.12287072e-03   8.89538904e-03\n",
        "    8.89538904e-03   7.12287072e-03   4.56704501e-03   2.34479909e-03\n",
        "    9.63975726e-04   3.17334049e-04   8.36483472e-05   1.76558313e-05]\n",
        " [  6.69803603e-05   3.17334049e-04   1.20385999e-03   3.65700376e-03\n",
        "    8.89538904e-03   1.73258520e-02   2.70218060e-02   3.37461518e-02\n",
        "    3.37461518e-02   2.70218060e-02   1.73258520e-02   8.89538904e-03\n",
        "    3.65700376e-03   1.20385999e-03   3.17334049e-04   6.69803603e-05]\n",
        " [  2.03468369e-04   9.63975726e-04   3.65700376e-03   1.11089965e-02\n",
        "    2.70218060e-02   5.26312913e-02   8.20849986e-02   1.02511758e-01\n",
        "    1.02511758e-01   8.20849986e-02   5.26312913e-02   2.70218060e-02\n",
        "    1.11089965e-02   3.65700376e-03   9.63975726e-04   2.03468369e-04]\n",
        " [  4.94921640e-04   2.34479909e-03   8.89538904e-03   2.70218060e-02\n",
        "    6.57285286e-02   1.28021693e-01   1.99665640e-01   2.49352209e-01\n",
        "    2.49352209e-01   1.99665640e-01   1.28021693e-01   6.57285286e-02\n",
        "    2.70218060e-02   8.89538904e-03   2.34479909e-03   4.94921640e-04]\n",
        " [  9.63975726e-04   4.56704501e-03   1.73258520e-02   5.26312913e-02\n",
        "    1.28021693e-01   2.49352209e-01   3.88895564e-01   4.85671785e-01\n",
        "    4.85671785e-01   3.88895564e-01   2.49352209e-01   1.28021693e-01\n",
        "    5.26312913e-02   1.73258520e-02   4.56704501e-03   9.63975726e-04]\n",
        " [  1.50343919e-03   7.12287072e-03   2.70218060e-02   8.20849986e-02\n",
        "    1.99665640e-01   3.88895564e-01   6.06530660e-01   7.57465128e-01\n",
        "    7.57465128e-01   6.06530660e-01   3.88895564e-01   1.99665640e-01\n",
        "    8.20849986e-02   2.70218060e-02   7.12287072e-03   1.50343919e-03]\n",
        " [  1.87756834e-03   8.89538904e-03   3.37461518e-02   1.02511758e-01\n",
        "    2.49352209e-01   4.85671785e-01   7.57465128e-01   9.45959469e-01\n",
        "    9.45959469e-01   7.57465128e-01   4.85671785e-01   2.49352209e-01\n",
        "    1.02511758e-01   3.37461518e-02   8.89538904e-03   1.87756834e-03]\n",
        " [  1.87756834e-03   8.89538904e-03   3.37461518e-02   1.02511758e-01\n",
        "    2.49352209e-01   4.85671785e-01   7.57465128e-01   9.45959469e-01\n",
        "    9.45959469e-01   7.57465128e-01   4.85671785e-01   2.49352209e-01\n",
        "    1.02511758e-01   3.37461518e-02   8.89538904e-03   1.87756834e-03]\n",
        " [  1.50343919e-03   7.12287072e-03   2.70218060e-02   8.20849986e-02\n",
        "    1.99665640e-01   3.88895564e-01   6.06530660e-01   7.57465128e-01\n",
        "    7.57465128e-01   6.06530660e-01   3.88895564e-01   1.99665640e-01\n",
        "    8.20849986e-02   2.70218060e-02   7.12287072e-03   1.50343919e-03]\n",
        " [  9.63975726e-04   4.56704501e-03   1.73258520e-02   5.26312913e-02\n",
        "    1.28021693e-01   2.49352209e-01   3.88895564e-01   4.85671785e-01\n",
        "    4.85671785e-01   3.88895564e-01   2.49352209e-01   1.28021693e-01\n",
        "    5.26312913e-02   1.73258520e-02   4.56704501e-03   9.63975726e-04]\n",
        " [  4.94921640e-04   2.34479909e-03   8.89538904e-03   2.70218060e-02\n",
        "    6.57285286e-02   1.28021693e-01   1.99665640e-01   2.49352209e-01\n",
        "    2.49352209e-01   1.99665640e-01   1.28021693e-01   6.57285286e-02\n",
        "    2.70218060e-02   8.89538904e-03   2.34479909e-03   4.94921640e-04]\n",
        " [  2.03468369e-04   9.63975726e-04   3.65700376e-03   1.11089965e-02\n",
        "    2.70218060e-02   5.26312913e-02   8.20849986e-02   1.02511758e-01\n",
        "    1.02511758e-01   8.20849986e-02   5.26312913e-02   2.70218060e-02\n",
        "    1.11089965e-02   3.65700376e-03   9.63975726e-04   2.03468369e-04]\n",
        " [  6.69803603e-05   3.17334049e-04   1.20385999e-03   3.65700376e-03\n",
        "    8.89538904e-03   1.73258520e-02   2.70218060e-02   3.37461518e-02\n",
        "    3.37461518e-02   2.70218060e-02   1.73258520e-02   8.89538904e-03\n",
        "    3.65700376e-03   1.20385999e-03   3.17334049e-04   6.69803603e-05]\n",
        " [  1.76558313e-05   8.36483472e-05   3.17334049e-04   9.63975726e-04\n",
        "    2.34479909e-03   4.56704501e-03   7.12287072e-03   8.89538904e-03\n",
        "    8.89538904e-03   7.12287072e-03   4.56704501e-03   2.34479909e-03\n",
        "    9.63975726e-04   3.17334049e-04   8.36483472e-05   1.76558313e-05]\n",
        " [  3.72665317e-06   1.76558313e-05   6.69803603e-05   2.03468369e-04\n",
        "    4.94921640e-04   9.63975726e-04   1.50343919e-03   1.87756834e-03\n",
        "    1.87756834e-03   1.50343919e-03   9.63975726e-04   4.94921640e-04\n",
        "    2.03468369e-04   6.69803603e-05   1.76558313e-05   3.72665317e-06]]\n"
       ]
      }
     ],
     "prompt_number": 33
    },
    {
     "cell_type": "code",
     "collapsed": false,
     "input": [
      "%pylab inline"
     ],
     "language": "python",
     "metadata": {},
     "outputs": [
      {
       "output_type": "stream",
       "stream": "stdout",
       "text": [
        "\n",
        "Welcome to pylab, a matplotlib-based Python environment [backend: module://IPython.zmq.pylab.backend_inline].\n",
        "For more information, type 'help(pylab)'.\n"
       ]
      }
     ],
     "prompt_number": 34
    },
    {
     "cell_type": "code",
     "collapsed": false,
     "input": [
      "imshow(g, interpolation=\"nearest\")"
     ],
     "language": "python",
     "metadata": {},
     "outputs": [
      {
       "output_type": "pyout",
       "prompt_number": 48,
       "text": [
        "<matplotlib.image.AxesImage at 0x2d7b9d0>"
       ]
      },
      {
       "output_type": "display_data",
       "png": "iVBORw0KGgoAAAANSUhEUgAAAPwAAAD7CAYAAABOrvnfAAAABHNCSVQICAgIfAhkiAAAAAlwSFlz\nAAALEgAACxIB0t1+/AAAEX5JREFUeJzt3X1M0+faB/BvHTWeSNRppEyKKxEJLWBBMSRmC75VExON\nw2ZRZiC+LZnbMp3x5Y+TnLPkEWHETN2WnCeLKGZGTHYSIYaRyRybzwhxrm5Z5jI8pn1WQFmiA8eq\n8rL7/OEjR/cUlIvf/RN3fz8JCS+9ftet7ZdfW3r3ciilFIjICOMe9wKIyD4MPJFBGHgigzDwRAZh\n4IkMwsATGSRB14EdDg+A/9V1eCIa0rNQKhL3Jw5df4d3OBwA/jbET5sALNTRlv3Y7wnrp6PXWxgq\n1uK79A0NDcjMzMTs2bNRUVEhXhoR2UcU+IGBAbz22mtoaGjApUuXcOLECfzwww9Wr42ILCYK/Pnz\n55Geng6PxwOn04m1a9eitrZ2BEfwSNqOAvux31jtZ2cvYeDb29uRmpo6+LXb7UZ7e/sIjuCRtB0F\n9mO/sdrPzl7CwN99Qo6InjSiP8ulpKQgGo0Ofh2NRuF2u+Ncsum+zz2w/zc1kQki//fxcKLA5+fn\n4/Lly4hEIpgxYwZOnjyJEydOxLnkQsnhiWhEPHjwZPr5kJcUBT4hIQHvvfceli9fjoGBAWzatAle\nr1dyKCKy0WN64Q0R6aPhhTdE9ORh4IkMom3zDA3FaXM/u6/ifpv79dnc78nGMzyRQRh4IoMw8EQG\nYeCJDMLAExmEgScyCANPZBAGnsggDDyRQRh4IoMw8EQGYeCJDMLAExmEu+XE/mJz3SSb+0ndEtbd\ntLmftO7JxjM8kUEYeCKDiAMfjUaxaNEiZGVlITs7G4cOHbJyXUSkgfgxvNPpxDvvvIPc3Fz09PRg\n3rx5CAQCfPdaojFMfIZPTk5Gbm4uACAxMRFerxcdHR2WLYyIrGfJY/hIJIKLFy+ioKDAisMRkSaj\n/rNcT08PgsEgDh48iMTExD/8tOm+zz3gqCkiHSLQOmrqnr6+PqxZswbr16/H6tWr41xi4WgOT0SP\nxINHHTUlvkuvlMKmTZvg8/mwbds26WGIyEbiwH/55Zf48MMP8dlnnyEvLw95eXloaGiwcm1EZDHx\nXfrnnnsOv//+u5VrISLN+Eo7IoMw8EQG4W458S60qcI6j7AuXVjnEtZJdQrr/iWsiwjrbgjrpLv6\nxgae4YkMwsATGYSBJzIIA09kEAaeyCAMPJFBGHgigzDwRAZh4IkMwsATGYSBJzIIA09kEAaeyCB/\not1y0hlq0l1vObKyCfNkdfHeMvBR5AvrpC64ZXWnhHW3v5bV4TthXZ+wbmzMsuMZnsggDDyRQUYV\n+IGBAeTl5WHlypVWrYeINBpV4A8ePAifzweHw2HVeohII3Hg29raUF9fj82bN0MpZeWaiEgTceC3\nb9+OyspKjBvHpwGInhSiP8udPn0aSUlJyMvLQ1NT0zCXvP9nHnC2HJEOEWidLdfc3Iy6ujrU19fj\n9u3buHnzJkpKSnDs2LE/XHKh5PBENCIeaJ0tV1ZWhmg0inA4jJqaGixevDhO2IlorLHkATifpSd6\nMoz6pbWFhYUoLCy0Yi1EpBmfYicyCANPZJAxuFvOKayT7pbzyMqku97+S1Y2d8f/iOqC+KesodBH\nWCOqC+1/Ttbwr8Lr4favsjrxbLl+YZ10d158PMMTGYSBJzIIA09kEAaeyCAMPJFBGHgigzDwRAZh\n4IkMwsATGYSBJzIIA09kEAaeyCAMPJFBxuBuOalJwrp0WZlw1pt019tnA4tFdZNetXa31cO8+v77\norpFO86K6kIXhLvsaoTX+yO+WeT/J92dZy2e4YkMwsATGUQc+K6uLgSDQXi9Xvh8PrS0tFi5LiLS\nQPwY/o033sCKFSvw0Ucfob+/H7/99puV6yIiDUSB7+7uxrlz51BdXX33IAkJmDx5sqULIyLrie7S\nh8NhTJ8+HRs2bMDcuXOxZcsWxGIxq9dGRBYTBb6/vx+hUAhbt25FKBTCxIkTUV5eHueSTfd9RKRr\nJKJhRfBg1oYmukvvdrvhdrsxf/58AEAwGBwi8AslhyeiEfFA62y55ORkpKamorW1FQDQ2NiIrKws\nyaGIyEbiZ+nfffddvPTSS+jt7cWsWbNw5MgRK9dFRBqIA+/3+/HVV19ZuRYi0oyvtCMyCANPZJAx\nuFtOuiTpbDmXrCxfViad9Sbd9fb3/xaVif1dOAst+A/Z/0soX7pbTni9i29n0ts1Z8sRkRADT2QQ\nBp7IIAw8kUEYeCKDMPBEBmHgiQzCwBMZhIEnMggDT2QQBp7IIAw8kUEYeCKDMPBEBmHgiQzCwBMZ\nRBz4ffv2ISsrCzk5OSguLsadO3esXBcRaSAKfCQSwQcffIBQKITvvvsOAwMDqKmpsXptRGQx0fvu\nTJo0CU6nE7FYDE899RRisRhSUlKsXhsRWUx0hp86dSp27NiBmTNnYsaMGZgyZQqWLl1q9dqIyGKi\nwF+5cgUHDhxAJBJBR0cHenp6cPz48TiXbAJnyxHpFsGjzpYTBf7ChQtYsGABpk2bhoSEBBQVFaG5\nuTnOJRfe9+GRtCKih/LgwawNTRT4zMxMtLS04NatW1BKobGxET6fT3IoIrKRKPB+vx8lJSXIz8/H\nnDlzAAAvv/yypQsjIuuJB1Hs2rULu3btsnItRKQZX2lHZBAGnsggY3C2XL+w7pawrlNWdsEtKvsI\na0R1r77/vqhOOutN6ub7TlGd9P8FF2Rl4utdfDuT3q6txTM8kUEYeCKDMPBEBmHgiQzCwBMZhIEn\nMggDT2QQBp7IIAw8kUEYeCKDMPBEBmHgiQzCwBMZZAzulpO6Kaz7l6zslGy3XGj/c6K6RTvOiuqC\n//inqE5KuutN+v+CU7Iy8fUuvp2NDTzDExmEgScyyLCB37hxI1wuF3Jycga/d+PGDQQCAWRkZGDZ\nsmXo6urSvkgissawgd+wYQMaGhoe+F55eTkCgQBaW1uxZMkSlJeXa10gEVln2MA///zzePrppx/4\nXl1dHUpLSwEApaWlOHVK/KwJEdlsxI/hOzs74XK5AAAulwudndL3BiMiu43qz3IOhwMOh2OYSzTd\n97kHHDdFpEMEjzq7ccSBd7lcuHbtGpKTk3H16lUkJSUNc+mFIz08EY2YBw+eTD8f8pIjvku/atUq\nVFdXAwCqq6uxevXqkR6CiB6TYQO/bt06LFiwAD/++CNSU1Nx5MgR7NmzB2fOnEFGRgbOnj2LPXv2\n2LVWIhqlYe/SnzhxIu73GxsbtSyGiPTiK+2IDMLAExnEoZRSWg7scAD4m45DD+EvwjqXsC7n4ReJ\nZ8I8WZ30udF8YZ2UdNab9PVbt78WFn4nrLN7Jp3EWxgq1jzDExmEgScyCANPZBAGnsggDDyRQRh4\nIoMw8EQGYeCJDMLAExmEgScyCANPZBAGnsggDDyRQf5Es+Wku5FuCOuEu61u/yqrq0kX1kl3A0pJ\nd5NJZ71FhHXS693OXW/W4xmeyCAMPJFBHhr4ePPldu7cCa/XC7/fj6KiInR3d2tdJBFZ46GBjzdf\nbtmyZfj+++/x7bffIiMjA/v27dO2QCKyzkMDH2++XCAQwLhxd0sLCgrQ1tamZ3VEZKlRP4avqqrC\nihUrrFgLEWk2qj/L7d27F+PHj0dxcfEQl2i673MPOFuOSIcItM2Wu+fo0aOor6/Hp59+OsylFkoP\nT0SPzINHnS0nCnxDQwMqKyvx+eefY8KECZJDENFj8NDH8H+cL1dVVYXXX38dPT09CAQCyMvLw9at\nW+1YKxGN0p9oEIXUJGHdVGGdR1gnfGmteNCG1J/9pbU3hXV24iAKIgIDT2SUP9FuOSnpXbQ+m/tF\nhHXSmXtS0t1k0v8Xab8ne9ebFM/wRAZh4IkMwsATGYSBJzIIA09kEAaeyCAMPJFBGHgigzDwRAZh\n4IkMwsATGYSBJzIIA09kEO6WE5PutuoX1gln0tl+FUv/fVLSXYtm4hmeyCDDBj7emKl79u/fj3Hj\nxuHGDelbBRGR3YYNfLwxUwAQjUZx5swZPPvss9oWRkTWGzbw8cZMAcCbb76Jt99+W9uiiEiPET+G\nr62thdvtxpw5c3Ssh4g0GtFTuLFYDGVlZThz5szg9zS9yzURaTCiwF+5cgWRSAR+vx8A0NbWhnnz\n5uH8+fNISkqKU9F03+cecLYckQ4RaJktl5OTg87O/wwaSEtLw9dff42pU4cayrBwJIcnIhEPHnW2\n3LCP4e+NmWptbUVqaiqOHDnywM/vTpchoicFR03ZzmlzP77SzjwcNUVEYOCJjMLAExmEu+VsZ/dj\nTj7Gpf/gGZ7IIAw8kUEYeCKDMPBEBmHgiQzCwBMZhIEnMggDT2QQBp7III8p8BH2Yz/2s70XA89+\n7PeY+9nZi3fpiYzCwBOZRGlSWFioAPCDH/yw+aOwsHDIXGp7iysiGnt4l57IIAw8kUFsD3xDQwMy\nMzMxe/ZsVFRUaO0VjUaxaNEiZGVlITs7G4cOHdLaDwAGBgaQl5eHlStXau/V1dWFYDAIr9cLn8+H\nlpYWrf327duHrKws5OTkoLi4GHfu3LH0+PGmFd+4cQOBQAAZGRlYtmwZurq6tPbbuXMnvF4v/H4/\nioqK0N3drbXfPbZNY9b1pF08/f39atasWSocDqve3l7l9/vVpUuXtPW7evWqunjxolJKqV9//VVl\nZGRo7aeUUvv371fFxcVq5cqVWvsopVRJSYk6fPiwUkqpvr4+1dXVpa1XOBxWaWlp6vbt20oppV58\n8UV19OhRS3t88cUXKhQKqezs7MHv7dy5U1VUVCillCovL1e7d+/W2u+TTz5RAwMDSimldu/erb2f\nUkr99NNPavny5crj8ajr169b1i8eW8/w58+fR3p6OjweD5xOJ9auXYva2lpt/ZKTk5GbmwsASExM\nhNfrRUdHh7Z+bW1tqK+vx+bNm7XP3Ovu7sa5c+ewceNGAEBCQgImT56srd+kSZPgdDoRi8XQ39+P\nWCyGlJQUS3vEm1ZcV1eH0tJSAEBpaSlOnTqltV8gEMC4cXdjUVBQgLa2Nq39AHunMdsa+Pb2dqSm\npg5+7Xa70d7ebkvvSCSCixcvoqCgQFuP7du3o7KycvAGo1M4HMb06dOxYcMGzJ07F1u2bEEsFtPW\nb+rUqdixYwdmzpyJGTNmYMqUKVi6dKm2fvd0dnbC5XIBAFwu1wOjznSrqqrCihUrtPawexqzrYF/\nXKOpenp6EAwGcfDgQSQmJmrpcfr0aSQlJSEvL8+Wibr9/f0IhULYunUrQqEQJk6ciPLycm39rly5\nggMHDiASiaCjowM9PT04fvy4tn7xOBwO225De/fuxfjx41FcXKytx71pzG+99dbg93TfdmwNfEpK\nCqLR6ODX0WgUbrdba8++vj6sWbMG69evx+rVq7X1aW5uRl1dHdLS0rBu3TqcPXsWJSUl2vq53W64\n3W7Mnz8fABAMBhEKhbT1u3DhAhYsWIBp06YhISEBRUVFaG5u1tbvHpfLhWvXrgEArl69OsSUYmsd\nPXoU9fX12n+h3T+NOS0tbXAa888//6ytp62Bz8/Px+XLlxGJRNDb24uTJ09i1apV2voppbBp0yb4\nfD5s27ZNWx8AKCsrQzQaRTgcRk1NDRYvXoxjx45p65ecnIzU1FS0trYCABobG5GVlaWtX2ZmJlpa\nWnDr1i0opdDY2Aifz6et3z2rVq1CdXU1AKC6ulrrL23g7l+RKisrUVtbiwkTJmjtdW8aczgcRjgc\nhtvtRigU0vtLTetTgnHU19erjIwMNWvWLFVWVqa117lz55TD4VB+v1/l5uaq3Nxc9fHHH2vtqZRS\nTU1NtjxL/80336j8/Hw1Z84c9cILL2h9ll4ppSoqKpTP51PZ2dmqpKRE9fb2Wnr8tWvXqmeeeUY5\nnU7ldrtVVVWVun79ulqyZImaPXu2CgQC6pdfftHW7/Dhwyo9PV3NnDlz8PbyyiuvWN5v/Pjxg/++\n+6WlpWl/lp4vrSUyCF9pR2QQBp7IIAw8kUEYeCKDMPBEBmHgiQzCwBMZhIEnMsi/AWYDmL1nQrrr\nAAAAAElFTkSuQmCC\n"
      }
     ],
     "prompt_number": 48
    },
    {
     "cell_type": "markdown",
     "metadata": {},
     "source": [
      "Now we want to construct\n",
      "\n",
      "$$\\nabla^2 g \\cdot \\Delta x^2$$\n",
      "\n",
      "using differences between adjacent cells (think about the Calculus definition of a derivative)\n",
      "\n",
      "$$\\nabla^2 g \\cdot \\Delta x^2 \\sim {g_{i-1,j} + g_{i+1,j} - 2 g_{i,j}} + {g_{i,j-1} + g_{i,j+1} - 2 g_{i,j}}$$\n",
      "\n",
      "We'll do this two different ways---the first is with explicit loops and the second is using NumPy slice notation"
     ]
    },
    {
     "cell_type": "code",
     "collapsed": false,
     "input": [
      "d2g = np.zeros((N,N), dtype=np.float64)\n"
     ],
     "language": "python",
     "metadata": {},
     "outputs": [],
     "prompt_number": 41
    },
    {
     "cell_type": "code",
     "collapsed": false,
     "input": [
      "i = 1\n",
      "while i < N-1:\n",
      "    j = 1\n",
      "    while j < N-1:\n",
      "        d2g[i,j] = g[i+1,j] + g[i-1,j] + g[i,j+1] + g[i,j-1] - 4*g[i,j]\n",
      "        j += 1\n",
      "    i += 1\n",
